0.2
0.5166666666666667
0.7333333333333333
1.15
1.35
2.066666666666667
2.566666666666666
2.9
4.133333333333334
4.2
4.3
4.433333333333334
5.383333333333334
5.933333333333334
5.983333333333333
6.966666666666667
7.05
7.55
7.933333333333334
8.366666666666667
8.383333333333333
9.116666666666667
9.616666666666667
9.949999999999999
10.03333333333333
10.36666666666667
10.8
10.88333333333333
11.03333333333333
11.21666666666667
11.63333333333333
11.71666666666667
11.88333333333333
11.93333333333333
12.23333333333333
12.53333333333333
13.11666666666667
13.26666666666667
13.48333333333333
13.75
13.86666666666667
14.05
14.11666666666667
14.4
15.05
15.05
15.35
15.71666666666667
15.91666666666667
16.53333333333333
16.61666666666667
16.91666666666667
17.26666666666667
17.6
18.2
18.65
18.8
18.85
19.31666666666667
19.78333333333333
20.03333333333333
20.13333333333333
20.35
20.73333333333333
20.85
20.93333333333333
21.35
21.41666666666667
21.83333333333333
21.88333333333333
22.93333333333333
23.15
23.48333333333333